1037589370
1044283059
1067198688
1080187984
1087897068
1102011956
1116006552
1142110895
1147452377
1156439976
1165227346
1194423452
1204090346
1217708638
1222273161
1261944766
1266194141
1270594280
1288723196
1288951209
1296749505
1314769817
1319191852
1330863325
1338092370
1387717110
1403753865
1411932809
1420356569
1422581869
1441878925
1446550365
1456691976
1457417598
1458315687
1458573381
1459517032
1462260546
1467190251
1468454200
1480192618
1494661473
1501532023
1503466530
1507297603
1511601750
1512372293
1519407428
1523245248
1541390536
1565728895
1571652872
1576858756
1610958307
1611158055
1642682818
1643456835
284882215
333206289
333903271
336141475
350962117
364901807
387109554
387682726
389801252
391965015
392899425
393765873
398453262
414245413
414478124
414603431
415872960
423084029
423514795
439638720
444934666
452186370
458318329
461317017
461703208
462125072
469337564
472208016
473225145
477927812
481623196
493489515
499470113
507161324
510909506
515651240
518213356
535886823
541164041
544007664
547166701
547917626
551941458
554499054
561659975
564818797
570610859
580097761
583700738
587238847
588673713
590338362
597795676
599852710
640199958
6443975850
6444075223
6474921250
6496972903
650377962
675561174
714464092
730712409
736179781
736536022
741292507
787130974
796870199
863882795
871095743
895682747
899529698
906611031
921478733
948600146
957323480
979579523
981011420
983156458
985070086
989642999
900833042
