1037589370
1044283059
1064216828
1067198688
1080187984
1087897068
1102011956
1116006552
1165227346
1194423452
1217708638
1261944766
1266194141
1270594280
1288723196
1288951209
1319191852
1338092370
1347780764
1373567447
1403753865
1411932809
1420356569
1422581869
1441878925
1442620678
1443988620
1446550365
1457417598
1458315687
1458573381
1459517032
1462260546
1477376905
1480192618
1486159728
1501532023
1507297603
1511601750
1512372293
1517783697
1519407428
1565728895
1571652872
1576858756
1610958307
1611158055
1642682818
283646709
284882215
324684580
333206289
333903271
350962117
363590051
364901807
387682726
389801252
391965015
392899425
398453262
414245413
414478124
414706506
415872960
423084029
423514795
444934666
452186370
458318329
461317017
461703208
462125072
469337564
473225145
477927812
493489515
499470113
507161324
510909506
515651240
518213356
535886823
541164041
544007664
547166701
547917626
551941458
554499054
561659975
564818797
570610859
580097761
583700738
597795676
6443975850
6444075223
6445999201
6448311069
6472538445
6474921250
6496972903
650377962
675561174
686449807
714464092
730712409
736179781
741292507
787130974
796870199
835599320
863882795
871095743
895682747
906611031
921478733
932747118
957323480
979579523
983156458
985070086
985746746
989642999
900833042
